19.3440902018266,-1.340560130656
19.3442243112309,-1.34097460352251
19.3444087936682,-1.34085748370849
19.3445993365505,-1.34088283076239
19.3446074267634,-1.34129013287578
19.3446541320563,-1.34141063688797
19.3448333219706,-1.34174725303247
19.3450774452068,-1.34172150706817
19.3452411995659,-1.34249836391813
19.3453515224661,-1.34245754724266
19.3454881646638,-1.34206836670257
19.345647398767,-1.34191922518371
19.34569189501,-1.3425148236747
19.345793630967,-1.34262600863273
19.3457733393347,-1.34344368981297
19.3457056643021,-1.34355839679053
19.3457043975606,-1.34354664327944
19.3458814519608,-1.34373751623486
19.3458932990092,-1.34409830441491
19.3457219114422,-1.3442238992901
19.3456770666541,-1.34531093282139
19.3457835359089,-1.34553476053704
19.3458125808698,-1.34599258688213
19.3458717619228,-1.34605706097794
19.3458529379173,-1.34621692669444
19.3459989102947,-1.34625297555407
19.3459800213541,-1.34633190968618
19.3460672251891,-1.3457330491274
19.3460830095874,-1.34607021405129
19.3462101255701,-1.34618969413615
19.3462909761868,-1.34609708661919
19.3464118947798,-1.3468151270471
19.3464173508809,-1.34727623406308
19.3464866220075,-1.34730786341666
19.3465886525391,-1.34779969934374
19.3467388785971,-1.34760064850206
19.3469059667395,-1.34819511910516
19.3471211319084,-1.34746717246857
19.347395852332,-1.34671342558581
19.3476533187728,-1.34627489553374
19.3481754255046,-1.34567914962741
19.3486465665534,-1.34566583176553
19.349434087563,-1.3456132675711
19.3503106796348,-1.34596084468289
19.3515112512216,-1.34533336822703
19.3527825409746,-1.34457588353013
19.3541399251701,-1.34488961401507
19.3559010947584,-1.34450978430813
19.357777355386,-1.34481035505583
19.3598842929049,-1.34496250155707
19.3621543911003,-1.34491182244863
19.3647378013127,-1.34471771794203
19.367524967659,-1.34413202665437
19.3705991756395,-1.34352779395149
19.3738296825126,-1.34377397185338
19.3773731501233,-1.34384329063829
19.3811350550706,-1.34391757450878
19.3850284420999,-1.34408699952254
19.3891139670594,-1.34358009798018
19.3933422208325,-1.34309258462879
19.397585427998,-1.34254709828184
19.4022015602527,-1.34258223168724
19.4070278153183,-1.34252366353999
19.4121644791613,-1.34258378146436
19.4171798846605,-1.34271855673224
19.4224881759088,-1.34271625659663
19.4277946026905,-1.34259283326122
19.4335853963816,-1.34265841501432
19.4396006543706,-1.34261504103881
19.4445678104683,-1.34356826699278
19.450685227805,-1.34292753361187
19.4570210505142,-1.34223057379887
19.4635255011964,-1.34162075304624
19.4705584919519,-1.3407598889975
19.4777230248156,-1.3399685623259
19.4849537704808,-1.33921783796982
19.492266471879,-1.33851325308154
19.5000015322589,-1.3381594693726
19.5077815833107,-1.33803275957203
19.5158697086866,-1.33780312001061
19.5242031702287,-1.3376726633251
19.5329535287682,-1.33746505606044
19.5418953517332,-1.33730854137593
19.5511046476601,-1.33711766719971
19.5607036394379,-1.3369961386895
19.5706856734745,-1.33676374916199
19.580995631791,-1.33566563850755
19.5914762441488,-1.3346054602735
19.6018799988818,-1.33438466748115
19.6126180492395,-1.33299965680158
19.6236200258393,-1.33196529263751
19.63472432947,-1.33061037766926
19.6461616268806,-1.32965312306804
19.6579317421455,-1.3284434736363
19.6700095914322,-1.32719384064312
19.6821021710137,-1.32600259950004
19.694953388664,-1.32463847986676
19.7081944294687,-1.32325744860985
19.7241781951116,-1.32173780472605
19.7403912259561,-1.32052720708266
19.7569643525248,-1.31943028543263
19.7739155091131,-1.31824001257094
19.791226838473,-1.31706767588107
19.8084086578899,-1.31595309050002
19.8245480040203,-1.31476706529333
19.8408373468675,-1.31366706170309
19.8573956102036,-1.31257836747147
19.8740588891522,-1.31135079640975
19.8908933018196,-1.31009683440569
19.9080205609417,-1.30890503604593
19.9254817307725,-1.30733609125982
19.9432196353922,-1.30603037623149
19.9608254294684,-1.30476977453244
19.9788980919538,-1.303565151115
19.9973491935656,-1.3022208985672
20.0161398813511,-1.30058843508548
20.0352271251013,-1.29886422344498
20.054498916135,-1.29716480441332
20.0745061447228,-1.29570239991592
20.0948170204142,-1.29406776854616
20.1149193477522,-1.29261124195911
20.1353058041589,-1.29117218960771
20.1557059186905,-1.28977931080332
20.1767914699143,-1.28769992083332
20.1980687446797,-1.28607996688123
20.2195197969294,-1.28451031740291
20.2414279926891,-1.28293110304625
20.2636330772926,-1.28131097278425
20.2848914580001,-1.28095895277359
20.3069761315827,-1.28002926736353
20.3298314081606,-1.2783218766712
20.3535162814761,-1.27746802143672
20.3776630092502,-1.27562450177359
20.4021417455976,-1.27362916134101
20.4268561630326,-1.27183768164244
20.4519497889372,-1.26972432375754
20.477332916764,-1.268105761057
20.5029624317031,-1.26646027367817
20.5291496020655,-1.26453270512589
20.5559316468373,-1.26239185982709
20.5830489930975,-1.26067251114232
20.6107866743408,-1.25845473869778
20.6386577478079,-1.25633772651478
20.6671716503303,-1.25423331524093
20.6960354968331,-1.25247819689375
20.7253315109881,-1.25056805317593
20.755107698317,-1.24869364011249
20.785323531946,-1.24683013377988
20.8160077383855,-1.24495722544548
20.8472536981551,-1.24344540703706
20.8791656541948,-1.24128312567171
20.9117314544587,-1.23910661809107
20.9448803105066,-1.23706976132138
20.9778197986207,-1.23508264142469
21.0116157789207,-1.2327441949618
21.0458623872575,-1.23066455424108
21.0803313363988,-1.22857234365731
21.115575417813,-1.22666692658794
21.1511658142752,-1.22466561354704
21.187646403042,-1.22214164571289
21.2251045994436,-1.2193474844189
21.2634046927297,-1.21671754471579
21.3018048195277,-1.21415453204413
21.3408497395969,-1.21143579233699
21.3803108521038,-1.20843884460394
21.420351896045,-1.20587925708221
21.4613716855554,-1.20297164562343
21.5029916726902,-1.19983590643207
21.5448932722091,-1.19731421494241
21.5875050786086,-1.19467624213346
21.6308493158319,-1.19199527832368
21.6750500177477,-1.1890013997808
21.7198121139097,-1.18588557172186
21.7651979676887,-1.18290735063097
21.8111091959014,-1.17974354953543
21.8575730076608,-1.17701047373811
21.9041790727754,-1.17425265463499
21.9514609739459,-1.1715871881017
21.9993395047308,-1.1684881379454
22.0476175375544,-1.16579934574722
22.0964743277638,-1.16317116343161
22.1461581999794,-1.1602950715403
22.1962186150329,-1.15742170776923
22.2468279136932,-1.15473829360932
22.2980880770882,-1.15199602485348
22.3496336660095,-1.14900609682071
22.4017276765868,-1.14632708756405
22.4539939578866,-1.14359156310844
22.5067731790733,-1.14094839142544
22.5602814386809,-1.13789861196144
22.6142815626259,-1.13487627757065
22.6702917159636,-1.13220995238724
22.7269026970996,-1.12955573095437
22.7824291670416,-1.12705457291953
22.8395230963782,-1.12430913279619
22.8959259358896,-1.12191353617626
22.9534892542125,-1.11902924500969
23.0117213587129,-1.11612039917103
23.0709345805804,-1.11269303677207
23.1307373659096,-1.10951484375584
23.1908803900885,-1.10620813903094
23.2514557479331,-1.10258226747443
23.3127324859541,-1.0994604531748
23.3746410818069,-1.09603414458265
23.4370280813955,-1.09241140238245
23.5000346867598,-1.08895055206028
23.5634957689511,-1.08515539689738
23.6285345726621,-1.08188965456539
23.6941397171505,-1.07840156881914
23.7602042182684,-1.07493962365613
23.8270306485367,-1.07147630308115
23.8945449135899,-1.0678810782506
23.9629057625053,-1.06388103820665
24.0303775277233,-1.05999162390003
24.0986264873196,-1.05617267956491
24.1676492605185,-1.05196220981068
24.2384440683074,-1.04815381103683
24.3098017517932,-1.04403604660863
24.3819110827303,-1.03945482325696
24.4547884837583,-1.03549021569845
24.5280496557501,-1.03114946685508
24.5997893406063,-1.0286148494671
24.6721807444173,-1.02605656363139
24.7448528020852,-1.02367221550776
24.8183199681189,-1.02135948312314
24.8911727101071,-1.01901600785689
24.965935135818,-1.01681137815497
25.0409437605639,-1.01520109243083
25.1161949229455,-1.01290227154775
25.1919835275322,-1.01073745584971
25.2684892661662,-1.00848328708834
25.3455141381152,-1.00592335589854
25.4230107963281,-1.00340762897993
25.501326145786,-1.00104762372063
25.5788266005171,-0.998479723857982
25.65790237552,-0.996933408473584
25.737506897882,-0.994938667319132
25.8177462542358,-0.993532481906523
25.8984127637631,-0.99220008804105
25.979744515575,-0.990630153350148
26.0614553020194,-0.989601456257461
26.1436799751832,-0.987584041018416
26.2260748767668,-0.985863017200827
26.308803333426,-0.983741328345976
26.391834356953,-0.982624796075121
26.4749275858635,-0.981038690521907
26.5582432009009,-0.978435534118781
26.6415342828338,-0.976013481220184
26.7252843279138,-0.973971612577764
26.809187019995,-0.971494868545005
26.893616802029,-0.968717209179748
26.9782131295742,-0.965977431841462
27.0631088073401,-0.964025892219409
27.1480652593163,-0.962006152889563
27.2331250382092,-0.959290122679156
27.3182283130997,-0.956790793964425
27.403148367732,-0.95477787460508
27.4882916585545,-0.952128391837935
27.5735998564674,-0.950092531556221
27.6588753169255,-0.948041720599462
27.7443946231166,-0.946196020913683
27.8286057190622,-0.945109508945956
27.9127644035699,-0.944125667001356
27.9969568721338,-0.942938759557362
28.081264651638,-0.941569950598446
28.1656294417024,-0.940430941656946
28.250127856831,-0.939417031885938
28.3346292927748,-0.938346353970138
28.4195302619605,-0.937265398131828
28.505751441135,-0.93539165268737
28.5909692514621,-0.934827647203518
28.6761217974426,-0.934358831900162
28.7610575718077,-0.933761478584114
28.846243486964,-0.932996473846398
28.93148820437,-0.932660897736976
29.0161766753225,-0.932133490558336
29.1009615221826,-0.931773132843531
29.1857603411011,-0.93061977908949
29.2703225408119,-0.929572809169226
29.3553283802089,-0.928465176365885
29.4403811313431,-0.927370861610471
29.5255407732338,-0.926355280477528
29.6108549116236,-0.925285951794473
29.6960835878129,-0.924179686357316
29.781425694377,-0.923008901460414
29.866750918247,-0.921851108377846
29.9520194218439,-0.92165496008857
30.0373662817282,-0.921502840478849
30.1228873709137,-0.92055019959806
30.2085250404478,-0.920395414750149
30.2943169070109,-0.920200221478011
30.3803980185633,-0.919982146146552
30.4665865427293,-0.919605214902216
30.5527826312071,-0.919427030151585
30.6391260827184,-0.919139237783333
30.7255909769177,-0.918848586547796
30.811732889161,-0.918571212483476
30.8980331445396,-0.918203238452958
30.9794362212213,-0.917889366497375
31.0611434491756,-0.917484454337356
31.1429362251904,-0.916860570953879
31.2248671479731,-0.916035640506509
31.3066867162542,-0.915679629727099
31.3888825194693,-0.915200108899951
31.4718265057399,-0.914700410533925
31.5547705953112,-0.914654299068901
31.6377598906636,-0.914440042591167
31.7209591140412,-0.913901069532693
31.8044025015908,-0.913532230056416
31.8878998083951,-0.912766412932667
31.9714470059708,-0.912950792704869
32.0549948917861,-0.912622753156121
32.1390427146026,-0.911919031084871
32.2228597426541,-0.911452734594505
32.3067305661308,-0.911171422261459
32.390431365256,-0.91094042909071
32.4741120553305,-0.910850648562229
32.5578571525347,-0.91085162369176
32.6413894133087,-0.910726850670058
32.7258027308442,-0.910911719280061
32.8108451930291,-0.910320861113332
32.8959913793253,-0.91046936360373
32.9813700341951,-0.910364902260525
33.0664737568704,-0.910776690578065
33.1518520774717,-0.910720781720422
33.2374323145714,-0.910500342050603
33.3232805648116,-0.910762986180968
33.4092960703201,-0.910916149660114
33.4964558094617,-0.909501507244117
33.5831263251846,-0.908732964972885
33.6691009043422,-0.90886829614063
33.7547105332144,-0.909251238560521
33.8404224732308,-0.909300132484424
33.9258017011411,-0.909040522565679
34.0110370369037,-0.90942447155076
34.0961287514507,-0.909576496608566
34.18140410979,-0.909518470044766
34.2665687328561,-0.909688013688018
34.3519907044053,-0.9098876407448
34.4369828342227,-0.910297165971924
34.5213826140513,-0.910565405283154
34.6059359181446,-0.910836841999731
34.6905930434748,-0.911208689680396
34.7749543776324,-0.911565117972514
34.8591938110929,-0.911948287956418
34.9436325694339,-0.912174593981216
35.0273119633398,-0.912628907728982
35.1114711514969,-0.91307857550636
35.1963500916668,-0.913575673956375
35.2802824191794,-0.914398709647911
35.3647562450559,-0.915079012946281
35.4492747099135,-0.915672398980995
35.5334701222291,-0.916181166450832
35.6186475153192,-0.916614891397114
35.7037698505883,-0.917132802958895
35.7884803062639,-0.917891607304999
35.8734776044924,-0.918616140864777
35.9580213056852,-0.919027916076653
36.0428310418896,-0.919355325540019
36.1275053858269,-0.920559905728675
36.2117474937522,-0.921382642519419
36.2966033725109,-0.92222763446136
36.3810725626473,-0.92277498275381
36.4652785662595,-0.92410990124408
36.5497817612969,-0.925261953374502
36.6340500310866,-0.926442221088365
36.7177981572398,-0.92781685580429
36.8017451138494,-0.929109512753639
36.8860138049668,-0.930243810825676
36.9700238942416,-0.93144819260115
37.0538842612374,-0.932622454527738
37.1378448795798,-0.933604201987535
37.2216463838842,-0.934918317933156
37.3055093028666,-0.936244138702151
37.3894630198349,-0.937505952133068
37.4732316070336,-0.938948683398745
37.5573352920153,-0.939979896288552
37.6413793273615,-0.941214970133312
37.7254054353197,-0.94231765957668
37.8095678465366,-0.943593790348376
37.8937990279019,-0.944569302441478
37.9781211194895,-0.945795999128409
38.0623752531474,-0.94704726467896
38.1467306082359,-0.948110428107406
38.2307572677931,-0.949367096472508
38.3152554145238,-0.950073381399219
38.3998900258532,-0.950994852376334
38.4846438945259,-0.952147266735496
38.569433355791,-0.953333928033192
38.6538596805411,-0.954364150339169
38.7383806974017,-0.955149451409503
38.8222191579048,-0.956155368697674
38.9059392357949,-0.957169940561289
38.9909270520516,-0.957975300411932
39.0754007129889,-0.958835330579597
39.1605909737087,-0.959669273489345
39.2451162900878,-0.960892511944307
39.3296929628787,-0.962280713536341
39.4142807015906,-0.963643496722461
39.4988593386166,-0.964845843799382
39.5833922337702,-0.966194171236358
39.6677973366131,-0.967280586240852
39.7519963507522,-0.968718928859799
39.8362509803815,-0.969828631393501
39.9206582885773,-0.971186352843141
40.0052676880575,-0.972482212196276
40.0897414614501,-0.97357103160898
40.1737505230086,-0.974957220364743
40.2578872486824,-0.976555317649783
40.341827752053,-0.97838923444016
40.4259484464519,-0.97987997359166
40.5098336942011,-0.981553564997727
40.5938964054173,-0.982838679161452
40.6788077709065,-0.984438749171404
40.7629151832153,-0.986508748806756
40.8467594597483,-0.988539827336817
40.9299185929543,-0.989301039413918
41.0129725259734,-0.990647746319558
41.0957370563849,-0.992353141709732
41.179106817482,-0.993877574335004
41.2624925903986,-0.995527734892651
41.3480106388567,-0.995506251971124
41.4332586767578,-0.994763479417503
41.5184442046821,-0.994284638157753
41.6033927895761,-0.993693912192914
41.6889752487898,-0.992954983501174
41.7736595849047,-0.992474782453917
41.8583457823458,-0.991832314253681
41.9432290990267,-0.99135401070617
42.0279411961301,-0.99092017811121
42.1124440411676,-0.990749091343315
42.1970616324858,-0.990355004040096
42.2816675804041,-0.989929128974818
42.3659033924247,-0.98944275835347
42.4506207876892,-0.989263370344407
42.534901884873,-0.988311232145695
42.6189110658868,-0.987307517525214
42.7025257746889,-0.986851224085386
42.7864525460894,-0.986323727075968
42.8703337015721,-0.985811458090365
42.953836164441,-0.984817971730778
43.037205325424,-0.983716696473083
43.120336412609,-0.982529308759127
43.2033086138866,-0.981640869103098
43.2863371563626,-0.980485959761573
43.3691085324145,-0.980017371419116
43.4519923940728,-0.979553185045288
43.5345503272422,-0.979448809081477
43.6171338841004,-0.978539613036588
43.6998516755308,-0.978139294920598
43.7822061843707,-0.978045747643122
43.8649818885149,-0.977679484617797
43.9474249968195,-0.977301349374452
44.029856191819,-0.977122011658222
44.1120135546966,-0.976648421168346
44.1938450677525,-0.976227253525775
44.2758346567239,-0.975130848146248
44.3575827616326,-0.974522418271213
44.4389134078865,-0.974141420919565
44.5205175467147,-0.973890254956636
44.60196034892,-0.973621760336281
44.6847634564056,-0.971574495924326
44.7676990050198,-0.969551097559706
44.8503089784922,-0.967504577345762
44.9326999610672,-0.96565550263116
45.0148222431856,-0.963526388891836
45.0966544541597,-0.961647490829598
45.1785664404265,-0.959716520801994
45.259948630316,-0.957823071550246
45.3413294675614,-0.956195261527758
45.4230114668542,-0.954360449435737
45.5057195563088,-0.952413082673241
45.5883224444403,-0.95063549475892
45.6705068471683,-0.948891599152862
45.7525588410442,-0.947131597216451
45.834739460919,-0.945285386722098
45.9168263892849,-0.943192971452005
45.998705269171,-0.941423169800309
46.0807446680175,-0.939559728024836
46.1625921970146,-0.937733358629699
46.2442130465099,-0.936087632508759
46.3256021328619,-0.934233239760333
46.4068056002267,-0.932401787709278
46.4883107535261,-0.930622756971911
46.5695222124135,-0.928740693951008
46.6505859820234,-0.926806332497681
46.7312567818489,-0.925063200812773
46.8119054377118,-0.923214591165632
46.8926974210175,-0.921204069081586
46.973231114412,-0.919260441103434
47.0536333552852,-0.917319959916625
47.1339048429556,-0.915341069244911
47.214037925784,-0.913319059840154
47.2941138546482,-0.911277039987773
47.3738941057907,-0.909712388624938
47.4536532248102,-0.907791413137938
47.5333812953718,-0.905997531140546
47.6131948501954,-0.90387930219692
47.6929695680444,-0.901810769607823
47.7724694949643,-0.899864869209542
47.8517211645459,-0.898231942057869
47.9309126857412,-0.896495073807271
48.0101763899957,-0.89443572351814
48.0889153064458,-0.892311895051299
48.1675386928248,-0.890280645142329
48.2462756141544,-0.88787779639374
48.3251395009891,-0.885676699828498
48.4037469568796,-0.883639542895079
48.4824375958195,-0.881646938005925
48.5613608200993,-0.879684021862817
48.6398103698361,-0.87704497378006
48.7181134848656,-0.874815130329289
48.7958159187414,-0.872700704177672
48.8736424309302,-0.870339730271628
48.9515867591283,-0.867897289377595
49.0295355026724,-0.865463873506326
49.1074178035836,-0.862918419744701
49.1851992563747,-0.860373516046306
49.2626401205964,-0.858756882060627
49.3397997744805,-0.856799689825838
49.416871495492,-0.855663363754192
49.4938365260976,-0.853552091346601
49.5706867464653,-0.8518367975236
49.6473384321506,-0.84998844719168
49.7236172465117,-0.848422541133523
49.7994579849682,-0.847055235024445
49.8752038814199,-0.845082494720731
49.9507004724332,-0.843251006116953
50.0264328551657,-0.84170882376156
50.1023922053349,-0.839772846038624
50.1783683169544,-0.837692362255908
50.2541080591014,-0.835622680095592
50.3295018452802,-0.833664444580193
50.4045169833067,-0.831946302808243
50.4797281038657,-0.829485224794964
50.5548622930686,-0.827525572096018
50.6299005947426,-0.825334347685103
50.7046891427752,-0.823137961652046
50.7790970166799,-0.821015692037276
50.853414172256,-0.818808024799875
50.9274505129398,-0.816454879117925
51.0013729675378,-0.814311005380701
51.0752435813848,-0.811849793373915
51.1489809918439,-0.809291588608497
51.2225485993823,-0.806690566618322
51.2958706335651,-0.804318859119642
51.3705163948737,-0.801417539056077
51.4450221705215,-0.798019508963536
51.5183622680849,-0.79469794070006
51.59256197616,-0.790910265216643
51.665209774285,-0.787492841293682
51.7378929843356,-0.784077385236893
51.8100392475934,-0.780877645807239
51.8817173220933,-0.777910995072901
51.953284386148,-0.77455743406161
52.025516062162,-0.771284152800214
52.0966363737733,-0.768372799034528
52.1685709734204,-0.765507456377647
52.2403719797905,-0.762742494094143
52.3108661430228,-0.759773728238408
52.3823300316008,-0.756649013661103
52.4520239363516,-0.753863712633438
52.5225879614396,-0.751067868283358
52.592915438394,-0.748009244106183
52.6628739081109,-0.744684218935093
52.7329295547974,-0.741621396383475
52.8030712761331,-0.738337751767014
52.8731656307458,-0.734936403172236
52.9430294173504,-0.731598180070579
53.0130177595046,-0.727714966157933
53.0828958973448,-0.724497625264132
53.1525675278387,-0.72089324641
53.222064907067,-0.716255703766423
53.2915136363516,-0.711704786439485
53.3611067183925,-0.707373673753752
53.4302931977815,-0.703396699841231
53.4991397465097,-0.699756919672095
53.5680684699476,-0.69535771883527
53.6366556499975,-0.691623736661224
53.7053143176865,-0.687511655202523
53.7740188213245,-0.683698697352016
53.8425801880373,-0.679461998681167
53.9110768901287,-0.675414191966702
53.9796207873288,-0.671428332174359
54.0485091420835,-0.667148453064479
54.1172363026155,-0.663159161640059
54.185801385488,-0.659023890902546
54.2541351952463,-0.654928213496215
54.322418402001,-0.650403098414396
54.3908668423106,-0.646522755061269
54.4595233175496,-0.64250576933208
54.5277668005596,-0.638276087205332
54.5946090031433,-0.634170984105752
54.6614376656974,-0.629889964960753
54.7284826813534,-0.625296179640133
54.7954722123233,-0.620817725791505
54.8620532837378,-0.616704731759026
54.9277920925389,-0.612948433105554
54.9932735845452,-0.609392293468367
55.0587730221736,-0.605507105413643
55.1239961869518,-0.601832347029307
55.1893311054139,-0.598557353377579
55.2546585387739,-0.594628294882971
55.3200234925359,-0.59095186271762
55.3851690611602,-0.586966356916175
55.4503647197881,-0.582886622140832
55.5153775029325,-0.579601152063481
55.5804665239147,-0.575668755416198
55.6458628376777,-0.571162155652853
55.711353789164,-0.566496203246265
55.7767438611426,-0.562051350319755
55.8419346905551,-0.557362365083355
55.9061072354291,-0.553419482729748
55.9700809882209,-0.549133695584516
56.0346663527968,-0.544461476265705
56.0990947465383,-0.540121586947426
56.1634881085577,-0.536894358222575
56.2278548837989,-0.533155530474229
56.2921268223222,-0.529575868464476
56.355926569997,-0.525669026899566
56.4194383085249,-0.521727427442656
56.4825422388431,-0.517767853936469
56.5457110054019,-0.514537561571937
56.6092062165482,-0.511158284860808
56.6727296026031,-0.508077284018901
56.736140200763,-0.504953543037795
56.7996647480117,-0.501272129087692
56.8630793171392,-0.498073426645987
56.9266147848135,-0.494350126114642
56.9915245836447,-0.489283768966542
57.0567044962035,-0.484021914610521
57.1218973744932,-0.478634602717501
57.1873116911632,-0.473086383232509
57.2528417506857,-0.467509202276186
57.3180658410364,-0.461840984538372
57.3829979681215,-0.45648472162103
57.4483661732678,-0.451216519798986
57.5139214290122,-0.445615836263804
57.5794280617736,-0.440098858414189
57.6449244604863,-0.435158706333638
57.7104245578356,-0.430346317810025
57.7759394923173,-0.42553274117336
57.841334764712,-0.421167209431094
57.9067621857747,-0.416595858172909
57.9721501502779,-0.412272952307411
58.0373350826304,-0.407831557220382
58.1027952466223,-0.403346845634581
58.1684116305258,-0.398749788606754
58.2340274372221,-0.394168134229947
58.2996571292133,-0.389879318850027
58.3656518217998,-0.385197839598634
58.4311690060397,-0.380673446570457
58.4965357420017,-0.376244251737909
58.5616414852729,-0.371755625379693
58.626877333164,-0.36739028173179
58.6924347689108,-0.36273759972384
58.7580163932453,-0.35819301936043
58.8236850886911,-0.353986124555022
58.8892331372243,-0.349616897477389
58.9541237906806,-0.345009357615235
59.018870892814,-0.340489193814936
59.0833854048595,-0.336392613336945
59.1482879312873,-0.332178160196263
59.2141881265594,-0.327988637631987
59.2800769568469,-0.323721656476355
59.346588042756,-0.319563865560866
59.4131577665357,-0.315229220213886
59.4798355231749,-0.309052250269914
59.546432950735,-0.303165106150431
59.6130546164342,-0.29711029632635
59.6791940846114,-0.291070721568091
59.7434409830747,-0.284959798425289
59.8080474726434,-0.278617357793447
59.8731449865578,-0.272251657886408
59.9385026679385,-0.265811397535836
60.004256848501,-0.259392961950433
60.070074049988,-0.253278063745852
60.136113940638,-0.246719395974651
60.2019721880763,-0.240301759497241
60.2678736775342,-0.233871484658339
60.3342007264289,-0.227068689548895
60.4008493581491,-0.220341645841711
60.46745810921,-0.213582837378143
60.533650842263,-0.206585656608846
60.6000816417243,-0.199816764213236
60.6667492644916,-0.192758450963557
60.7339807319051,-0.185563791981026
60.8014247891569,-0.178184541188772
60.8687011569306,-0.170893438369866
60.9360979414847,-0.163203029356738
61.0033807427649,-0.155698027072132
61.0705652952429,-0.148156773510307
61.1376202883122,-0.140988272568304
61.2047081606525,-0.133573274656882
61.2718541988398,-0.125792160316916
61.3386817848524,-0.118344484354922
61.405505886863,-0.111154226673234
61.4721811095637,-0.104090821840132
61.5391515946426,-0.0968307941846986
61.6061787318317,-0.0896236082641337
61.6734507572887,-0.0821539751276701
61.7405535804189,-0.0749203332188096
61.8076376524862,-0.0677442740825441
61.8752769824765,-0.0606158728030643
61.9425873538318,-0.0535588555626997
62.0097420520438,-0.0463117564883705
62.0766831819812,-0.0379075056351968
62.1434023659183,-0.0295655898157236
62.2098370597272,-0.0213166408889795
62.2762854243943,-0.0132055696141159
62.3433533760345,-0.00502231176457678
62.4102025748953,0.00303480611978045
62.4776462936559,0.0110755507898175
62.5449732384243,0.0188596833128282
62.6121260421704,0.0258956193523075
62.6790895162248,0.0329655139548859
62.7459860768687,0.040045242298707
62.8128048495521,0.0471690308667866
62.8794280646877,0.0547977735298311
62.9461914462825,0.0627676316967543
63.0127460395517,0.0705345571031407
63.0793975805241,0.0782370097807934
63.1466185899338,0.0861929559063939
63.2136313905095,0.0940234216004068
63.2807723343139,0.101660901085251
63.3480157840871,0.109295409314687
63.4153789267819,0.117079491282806
63.4825527308014,0.124958760275848
63.5493991491738,0.132443878110738
63.6160362191752,0.140149310538617
63.6823665862516,0.147632501906209
63.7489109125613,0.155382450938942
63.8153906406966,0.162828494665247
63.8818623634881,0.170153762619021
63.9481148839286,0.177474484291678
64.0143421023268,0.185081647550513
64.0804734319586,0.192579456482144
64.1470694864304,0.199995332046182
64.2138381176638,0.207527854597711
64.2804258666633,0.215149449533017
64.3472889344463,0.222559126254437
64.4137516485833,0.229998663306302
64.4811641268001,0.237125131328822
64.5470855974188,0.242686659222773
64.6130553227086,0.248407624768573
64.6788347430884,0.254118959634492
64.7445166972238,0.259692887726294
64.8104708596848,0.264763434222783
64.8763462351483,0.269954213749618
64.9425732175632,0.274934973046743
65.0089089991017,0.280150062055421
65.0753362282364,0.285554306906763
65.142110514233,0.291096726873048
65.2097392321437,0.296936417214056
65.2772201254065,0.302497751169339
65.344774707657,0.308670169358214
65.4125115813209,0.31514237094143
65.4801608474358,0.321629554768968
65.5477483815553,0.328304352703288
65.6156434548864,0.334987236810252
65.6833967475639,0.341332328718764
65.7514776510363,0.348028481071015
65.8196836364863,0.354313736341254
65.8883548362095,0.361080865490553
65.9567138450703,0.367274741476896
66.0249482087569,0.373780638235957
66.0933062335135,0.380240746467801
66.160741784832,0.385641295581047
66.2280765184629,0.391066560117169
66.2952571470263,0.395839280206235
66.3625790347503,0.401227993257715
66.4298039536301,0.406168916042552
66.4970169872981,0.410367651394487
66.5641421430898,0.414693834071842
66.6309508343251,0.419075587816294
66.6980675686727,0.42394866769108
66.7652956323473,0.42931276266282
66.8325475120154,0.434116873534563
66.8999671124404,0.439147751787654
66.9675700682235,0.44414601701378
67.035341335321,0.449458669565777
67.1028509370553,0.454622862057441
67.1702938584037,0.460031225543212
67.2373999112063,0.465153760810379
67.3053993224049,0.470555584832321
67.3743078320635,0.475729162834585
67.4431367075233,0.481010721657532
67.5119793453357,0.486484272501331
67.5807400560576,0.491723633290726
67.6497094226368,0.497244074756334
67.718411912773,0.502789960633767
67.7872385768845,0.508389596132908
67.8573164231552,0.514069721058263
67.9272453832079,0.519548230163656
67.9969680491362,0.52489913982342
68.0661346857827,0.530313163145102
68.1366892417399,0.536322105787528
68.208338794966,0.542479040231513
68.2800339779992,0.548751824440703
68.3522168832112,0.554590268069993
68.4244534262102,0.560466987013177
68.4965851180476,0.566619328433343
68.5685831679511,0.572823555485601
68.640262365774,0.578624858444229
68.7119820023335,0.584485520159097
68.7835374831015,0.59013927485434
68.8552252005058,0.596221625636162
68.9268224684362,0.602104057970568
68.9982286352561,0.607526906574848
69.0697720435949,0.613208609048611
69.1411892140638,0.618629303201484
69.2129042417624,0.624190163136144
69.285146363276,0.629926205978521
69.3573992300776,0.635735301223152
69.4296839827351,0.641337060693779
69.5020983639113,0.647123871322096
69.5744196655322,0.65276873757923
69.6466328196056,0.658256848043412
69.7190788601164,0.663924985953123
69.7915461436292,0.669461758615221
69.8642774203611,0.67527488653217
69.9369417870561,0.680514873007836
70.0095107458723,0.685964459919901
70.0822903375788,0.691540953737658
70.155079823468,0.697137864537239
70.2280654902463,0.702697907145769
70.3010724271448,0.708167575944383
70.3744155080758,0.713689498222298
70.4477542980729,0.719100959924438
70.5196173569035,0.722938910458786
70.5911677604274,0.726698523075287
70.662738638688,0.730257541276218
70.7342913747684,0.733508298613451
70.8056078016237,0.736866432816855
70.8772204089517,0.740476388148817
70.9488141844185,0.744223957602624
71.0202429383691,0.748051465933308
71.0916632543696,0.751524508080371
71.1628820551452,0.755094574129627
71.234123887614,0.759132062273901
71.3055608830181,0.76332052821034
71.3767823508495,0.767325818657384
71.448296117097,0.771641186011652
71.5196974061969,0.776005855548705
71.5912761473792,0.78034993869532
71.6633258060527,0.784875143157744
71.7353367893285,0.788586327053838
71.8075329514268,0.793345556123649
71.8795143051522,0.797938894101006
71.9513331444437,0.802910882955503
72.0230646313765,0.80745635370574
72.0950692290905,0.812024911078759
72.167156630998,0.816580818076018
72.2394790962274,0.821372193121679
72.3119170039077,0.825780771378457
72.3843283665075,0.82896443019459
72.4568171246095,0.832066142416076
72.5296189836955,0.835408868320436
72.6027525113777,0.838785524853889
72.6759200836724,0.841960134919383
72.7494472527573,0.845315989765568
72.8231148942221,0.848793796300864
72.8964602902496,0.852266185005273
72.968490219397,0.855450271561879
73.0405492215894,0.858661165971471
73.1124958415726,0.861943858976686
73.1845907832168,0.865368185206376
73.2565658537036,0.867122546400545
73.3286184410367,0.868932019129944
73.400829076116,0.87073515024953
73.4729732998291,0.872478543128965
73.5456680063441,0.874514239323103
73.6181778521209,0.876313963069089
73.6902221458541,0.878043234160699
73.7622279702528,0.879840572817169
73.8339585914248,0.881347834890346
73.9056946355673,0.883004915536219
73.9773899783748,0.884515708161245
74.0492767599526,0.88620714587091
74.1210386812993,0.887598010915939
74.1926937294023,0.889251259515351
74.2639346411193,0.89048059284439
74.3353258115472,0.89175723412099
74.4067433749741,0.892810894929424
74.4781537055343,0.893710301675523
74.5494799509226,0.894373023396951
74.6205988351646,0.895201262013218
74.6919452708463,0.895930988161868
74.7631882871176,0.896480251169617
74.8341819679619,0.896449854069389
74.9052817552137,0.896655508530761
74.9765550517872,0.896739525544806
75.0478208831398,0.897079136966214
75.1190537415846,0.897124249618005
75.1903360465218,0.896994589066562
75.2620568494019,0.89698471102856
75.3338488254223,0.897337060318514
75.4056648394514,0.897523229549294
75.4773118253349,0.897467614636097
75.5491232490629,0.897622354511618
75.6206192303961,0.897530471800067
75.6922731641052,0.897448347898218
75.7640487815819,0.896587707180304
75.8362777977679,0.89621407923614
75.9088342754705,0.895098602510977
75.9806970906687,0.893861289007093
76.0526731411411,0.891542008272242
76.1248669257567,0.88904348209214
76.1972027921285,0.886736674599309
76.2693297326161,0.884300939701832
76.3413290708729,0.882061631681153
76.4135647872952,0.879739880198173
76.4854653151521,0.877283333695901
76.5586623720345,0.874993909450666
76.6309110791825,0.873410897506949
76.7034557608185,0.871845259714082
76.7761780941864,0.870274032516486
76.8491124338526,0.868710258791799
76.9230811583015,0.867766945253018
76.9967073493456,0.866463622909811
77.0706837295988,0.865233857036602
77.1438905100537,0.864109336664435
77.2166465332092,0.862849709211164
77.2896958986706,0.862070996324473
77.3629566460757,0.861508360632613
77.4373373884609,0.860448972565687
77.5117589289547,0.859960511637473
77.5850847837063,0.858992409825928
77.6585388578521,0.857777939725644
77.7320865035347,0.855906161387852
77.8060535718054,0.855475985265834
77.8801743051375,0.854419953381256
77.9552458508279,0.853480470548591
78.03057462867,0.852645644075054
78.1054872393554,0.851335770056907
78.1807026750815,0.849997823465464
78.2558449955473,0.848483707252126
78.3296974178486,0.847139170762563
78.4045938714615,0.845827227355793
78.4794239746634,0.844248750980955
78.5540451490434,0.842891371451192
78.6285551845587,0.841383102980614
78.7020934134346,0.83997557453242
78.7761750605484,0.839965210254625
78.8500703615427,0.839748803102879
78.9241543091399,0.839659966787965
78.9991695755877,0.839288715393118
79.0738282973877,0.838793444987417
79.1486419357099,0.83830390865068
79.2226990978975,0.83746788175391
79.2958996500214,0.836641758881218
79.3690373219244,0.835515092314971
79.4432300270053,0.834350303408195
79.5165053816235,0.83293743250193
79.5896170901794,0.831322844809698
79.6627680609896,0.829475993078232
79.7361050091717,0.827631940668611
79.8093898534636,0.825508435075349
79.8828531066669,0.823271582767874
79.9562156102093,0.821010739403777
80.0294649391343,0.818608765045261
80.1028935074101,0.815859490629682
80.1762415871743,0.813156177834759
80.2495135772164,0.81021525657641
80.3231740365571,0.807572193514199
80.3970760304025,0.805042488368382
80.4708485320311,0.802352704112298
80.5454454496356,0.800602147132753
80.6200854473214,0.798669659443196
80.6949273659511,0.796860411581489
80.7696736589489,0.795084145507986
80.8441239191018,0.792961639493113
80.9186552393529,0.791039384625879
80.993063574477,0.788818273789418
81.0677574896185,0.786409455299812
81.1425546989269,0.784142332913169
81.2175550454955,0.781565532821962
81.2923485640672,0.778635326168586
81.3669807212826,0.776159292012692
81.4413537388287,0.773541246770769
81.515159896908,0.770766042315189
81.5895285083495,0.76793076973184
81.663887943141,0.764997729593468
81.738419663463,0.762321817300824
81.8121104372049,0.759196864232947
81.8842302592221,0.756215430802042
81.9574689494247,0.753340881746168
82.0318538997342,0.750194198813592
82.1062820000515,0.747052404946441
82.180281120544,0.743925654149891
82.2542407173673,0.7405722680395
82.3282824087006,0.737381638016357
82.4026722409506,0.734147665204111
82.4771617244555,0.7309202306595
82.5523800833741,0.727821603206973
82.6283894640163,0.724777585171138
82.7034043033492,0.721342393004222
82.7779432610474,0.718503511453399
82.8521678253018,0.715691375481513
82.9257801642553,0.712668822544895
82.9997338838711,0.709946222278769
83.0740773905928,0.707179753315159
83.1473598633111,0.704057823159056
83.2204753523596,0.701157800559338
83.2950142559328,0.698346911045645
83.3697802005078,0.695659946024074
83.4446944137921,0.693018514521253
83.5195405617181,0.690195236560115
83.5939181160408,0.687491797816985
83.6681600288707,0.684615239536389
83.7424421329659,0.682068438432182
83.8162160120711,0.678947890652538
83.8901907787282,0.67618767888726
83.9644709331031,0.673266489956496
84.0391401057709,0.670788162084619
84.1124520012817,0.668326487474228
84.1858183391603,0.665758052398248
84.2591431081148,0.663380183885508
84.3335527958815,0.66118608646334
84.4078844388518,0.658905863324099
84.4822288419183,0.656399031299425
84.5569079131992,0.654588758761452
84.6321170924682,0.652295565152579
84.7070311122521,0.649794020259363
84.7818517802018,0.647440408987723
84.8549611241545,0.644995510702966
84.9279140013565,0.642568511410133
85.0006632524549,0.640090857879935
85.073499869168,0.637496035844738
85.1464772873847,0.635052782523254
85.2198568261626,0.632715797170095
85.2945112211953,0.630264738001191
85.3690239099643,0.62789787423013
85.4440868758902,0.625537340042955
85.5191380133793,0.622887607041131
85.5941986894552,0.620401171131936
85.6691769994275,0.618133623658297
85.7440785409511,0.61615336446573
85.8185960196069,0.613585399586862
85.8932960723964,0.611176308248228
85.9665345524878,0.608934348936012
86.039957710189,0.606884655405131
86.1133824422802,0.605361490164754
86.1870023102766,0.604223190505268
86.260751419687,0.603117055145326
86.3343410539532,0.602097125641736
86.4093433969714,0.603954887602944
86.4837782685822,0.606846409916057
86.5581563353615,0.607814759657095
86.6306334586755,0.608616968389198
86.7030312414525,0.609607951357331
86.7753707076103,0.610379588363399
86.8492392298007,0.611432688855591
86.9220341559246,0.612352400481333
86.9945045279752,0.613720406898544
87.0666684374046,0.616122358822995
87.1386051570174,0.618425243835058
87.2106776838526,0.620787874880182
87.2829414609765,0.623281697553228
87.3568656331754,0.625807559938321
87.4306487839442,0.628373840285672
87.5045222777279,0.631231463456902
87.578819548404,0.634089438168375
87.6516760325096,0.636991414388259
87.7247559735826,0.639906132258797
87.7981847494284,0.642848112384251
87.8716356841734,0.645845054825076
87.9451804414137,0.648655432872364
88.0184897569588,0.651730933039676
88.0915640692747,0.654780147097831
88.1646866431631,0.658087248849455
88.2388251769333,0.661069519256777
88.3131277907982,0.664139521574188
88.3878041699205,0.667236052310355
88.4625981468796,0.67048003779717
88.5362680816035,0.674082243623057
88.609688344556,0.677625403373394
88.682966359854,0.68122563368109
88.7560653654449,0.684869863924799
88.8289169659783,0.688974331813046
88.9020207798922,0.692715828836398
88.9755672663126,0.697002013593911
89.0491099605566,0.701361414071884
89.1227141903676,0.705873624816448
89.1966360761072,0.71063098214476
89.2704790163272,0.715444368672988
89.3441591571038,0.720273680920017
89.4176024388354,0.725327216090549
89.4912113697041,0.730527571842254
89.566460298862,0.736167748753671
89.6417828738438,0.741788568925117
89.7167535693975,0.747386081971345
89.7905058004157,0.752959487418077
89.8639428304217,0.758498340627391
89.9377328923809,0.76338211255343
90.0112428401957,0.768162454985479
90.0848020487222,0.772969664822552
90.1584250857632,0.777731003955107
90.2320783067782,0.782830822646499
90.305653562752,0.787620950785919
90.3791897542758,0.79277925451674
90.4525342977257,0.797905629996958
90.5257722015576,0.803800188677099
90.5983056338031,0.809197772421348
90.6709608954528,0.815539231875371
90.744705336109,0.821971022188056
90.8184945550709,0.828539108381494
90.8923825261979,0.835086589300532
90.9660593862168,0.841701812305931
91.0397960760747,0.848468582302003
91.113500376594,0.855211283839299
91.1872737076091,0.862059533691418
91.261120306944,0.869043888617485
91.3336694145801,0.876187133617252
91.4072196545963,0.883357135337569
91.4806303500726,0.890775024495523
91.5540454867314,0.898013063712393
91.6274232902775,0.905329447150956
91.6999450937437,0.912517787853891
91.7724601329669,0.919646379110163
91.8449204583298,0.927003422217266
91.9182932445179,0.934262507726115
91.9917935891966,0.941510206180005
92.0653171140193,0.948604451736477
92.1387370609538,0.95582142924575
92.2110073151046,0.963631900947048
92.2830097222646,0.97070075574977
92.3563332211562,0.978202156629786
92.4295424031898,0.985961354874235
92.5028314278658,0.994491093559771
92.5760349313739,1.00181279329764
92.6491049502842,1.00963160653159
92.7210992226898,1.01744965302595
92.7936903396538,1.0253948527183
92.8666542765368,1.03402346543753
92.939446381222,1.04272061375515
93.012147845434,1.05125003180224
93.0859382702265,1.05998361342699
93.1578198703419,1.06857244997761
93.2296450608659,1.07746951610672
93.3022084894786,1.08630233969994
93.3751645139734,1.09524972488834
93.4478458516288,1.10434571090121
93.5217026085505,1.11359386976362
93.595565595323,1.12292400896647
93.6694984465353,1.13217997123589
93.7422665654829,1.14166724906378
93.8150081763232,1.15134152222468
93.8876571077683,1.16122943227784
93.9605462538052,1.17138330529082
94.0342907815485,1.18124246619674
94.1081061728807,1.19149553522196
94.1809601084498,1.20179800779808
94.2539377304001,1.21226062757851
94.3270031581233,1.22290937727288
94.3999879976326,1.23366201561431
94.4729139093134,1.24450191082792
94.5460028687447,1.25557551909344
94.6189170099011,1.26661218649316
94.6919279678821,1.27778592933236
94.7648156620614,1.28946664990721
94.8378324483101,1.3016220715645
94.9107627769533,1.31395230685833
94.983525418694,1.32628604448289
95.0562160335677,1.33780738368785
95.1284315648128,1.34969496031075
95.2007228365435,1.36077455445248
95.2729044126695,1.37178600846668
95.3450783460369,1.38294562420405
95.4173212455265,1.39505154136078
95.4895662425123,1.40615455470703
95.5631997075769,1.41772581910837
95.6367322695744,1.43013174669732
95.7090749093738,1.44273039265501
95.7810703749658,1.45550739402988
95.8529765008044,1.46816409509065
95.9260969930234,1.47983102948236
95.9993112936953,1.49189754696538
96.072795794642,1.50376144548163
96.1460681155254,1.51551728823506
96.2193105748796,1.52754545613254
96.2914465694869,1.53931454361489
96.3635699832072,1.55122566341587
96.4355709538339,1.56445741766768
96.5066775774882,1.57620857576967
96.57764712754,1.58802683925323
96.648093638339,1.5996985109557
96.7178092378077,1.61175255838474
96.7876379135634,1.62374815327925
96.8563552861325,1.63599484482156
96.9248955895447,1.64832312698718
96.9940517748771,1.66032164663313
97.0631150804403,1.67240351813423
97.1318094296793,1.68455400428932
97.200022263626,1.69651668183696
97.2676730785297,1.70833878888363
97.3348821920093,1.71975546935041
97.4027557085163,1.73152425543444
97.4706030313146,1.74274345208262
97.5385507296603,1.75385253090835
97.6072265924172,1.76531016154919
97.6753045772021,1.77669599658191
97.7446926874656,1.78822993964435
97.8147684649057,1.79969969124297
97.8833325521462,1.8112856744562
97.9513964936295,1.82399481221089
98.0181566587254,1.83574317251132
98.0847207128299,1.84807932000947
98.1514533777087,1.86257350735278
98.2179074778114,1.87704534814607
98.284104035845,1.89131864924154
98.3508803023022,1.90600744273256
98.4176373682445,1.92067437610618
98.4842057772462,1.93536918642408
98.550287131298,1.94966285169208
98.6188291850825,1.96433334945848
98.6871741695781,1.97928458098143
98.7554466636678,1.99400619162398
98.8224471817992,2.00873288412837
98.8894632133282,2.02362205605826
98.9564510656626,2.03851730052492
99.023459484452,2.05350486514807
99.0899708800049,2.0687797817075
99.1565736978798,2.08423439276781
99.2219149340062,2.09983694162135
99.2886330146211,2.11549982968358
99.3552614925487,2.13132855689686
99.4219625966915,2.147255430832
99.4883730880089,2.16377315018453
99.5548742028831,2.18016025237008
99.6210776357727,2.19662493624375
99.6856259394678,2.21316050366908
99.7513195463611,2.22983550653288
99.8169202965962,2.24656754771979
99.8823323190308,2.26341284359655
99.9478384036691,2.28051339540923
100.013606761604,2.29762549786497
100.079180096372,2.31447726911034
100.145148381168,2.33176403149985
100.210843058382,2.34891307847428
100.278109736758,2.3661170441732
100.345217679948,2.38340361597647
100.410991063024,2.39977142541878
100.477023673952,2.4158343582669
100.542596297548,2.43192420474983
100.608212369977,2.44776843896371
100.671988740939,2.46147294677914
100.736834359289,2.4732467575745
100.802967648613,2.48710966370846
100.870959857059,2.50067654264103
100.938894326441,2.51366816456876
101.006955182528,2.52581130208986
101.073413825792,2.53709818020312
101.141331593711,2.54798448158711
101.209274941755,2.55884807979497
101.277542825728,2.57034778431547
101.346197261176,2.58215858293128
101.414550800031,2.59369700034637
101.482820975702,2.60498663749003
101.549488531297,2.61647023959646
101.615768715134,2.62787658279023
101.680505827497,2.63934463200911
101.745040620113,2.65074740041429
101.812400490584,2.66324588548518
101.879565008694,2.675189451187
101.946258484623,2.68699152139432
102.012970541705,2.69871863872412
102.079771804647,2.71101117682982
102.146685815708,2.72339242125107
102.213590788463,2.73591381308295
102.280330908424,2.74794041919058
102.345618983524,2.76002911103026
102.410705128262,2.7722011789739
102.475429378764,2.78460280047593
102.540087631669,2.79684299681395
102.605936910536,2.80905892408557
102.67218454879,2.82146477446168
102.738125548729,2.833858578841
102.804017562004,2.84622950685074
102.870065924048,2.85842873264174
102.935955197784,2.87059198569327
103.001634674484,2.88269951020093
103.066912542017,2.89470397465991
103.132164175727,2.90684919613834
103.197159926651,2.91912253569357
103.262294801453,2.9313223615396
103.327317108174,2.94353803486899
103.392222352858,2.95539795282014
103.457140690871,2.96717011657986
103.5208800922,2.97891799656981
103.584138412109,2.9905260796774
103.647841987239,3.00158031875239
103.712984929978,3.01282771781884
103.777754859301,3.02401783333206
103.842378478069,3.03610227183135
103.906986786752,3.04816132037292
103.971362170746,3.05987298393678
104.035735438014,3.07186731437429
104.099980242628,3.08364169489377
104.164620075436,3.0957084599106
104.229178569622,3.10767697070568
104.294231485006,3.11983700913609
104.35921074371,3.13214009875551
104.423818617078,3.14455720040976
104.488066815792,3.15690555210551
104.55205328775,3.16961214829866
104.615659698413,3.18194897974643
104.679153248416,3.19453142170352
104.742504839549,3.20710820341672
104.805821946255,3.21968234919749
104.868838555023,3.23214116454991
104.931552887593,3.24475394447022
104.994176084558,3.25699624917165
105.05678829211,3.26959945497976
105.119562682263,3.28184294711577
105.182070365134,3.29395761782075
105.24395534869,3.30610377117333
105.305673999538,3.31835462055966
105.366960627238,3.33055052920213
105.428414958699,3.34247293957726
105.490277325697,3.35450464093607
105.552249432408,3.3668175460249
105.614218887951,3.37891097817225
105.676397466554,3.39082944956911
105.738137230922,3.40279958919825
105.79976045041,3.41475488557134
105.861336723126,3.42676530870069
105.922240894249,3.43869590822913
105.983250670455,3.4507728463856
106.044095957899,3.46280065637825
106.104738694234,3.47449980753598
106.165734878555,3.48569533974237
106.226463033905,3.49702797608031
106.286276415179,3.50962364383957
106.346140325605,3.52195227426837
106.405775563532,3.53435235775964
106.465413817974,3.5468929036785
106.52483939619,3.55932873069668
106.584627211488,3.57194075822102
106.644256050799,3.58479076146763
106.703182080401,3.59740948595078
106.76177478586,3.60988440826198
106.820386553987,3.62272944585524
106.878842101616,3.63567205895941
106.937258921907,3.64840877093113
106.995731194449,3.66123296801837
107.053790139256,3.67375620506743
107.111687951588,3.68627176757838
107.169368586006,3.69889058610245
107.226912542443,3.71150228564941
107.284186204009,3.72408087142454
107.341410705395,3.73658792971417
107.39828866645,3.74918012834507
107.453491372343,3.76181721797605
107.510118938594,3.77420390165405
107.566682157935,3.78656627808366
107.621807769603,3.79912674146768
107.676702518407,3.81043366480747
107.731576097677,3.82164093167106
107.787974311399,3.83275164995261
107.844316654883,3.84356544188393
107.898759985287,3.85408499239812
107.954776906684,3.86468281905094
108.010844755601,3.87543748989432
108.065273450388,3.88687192293545
108.119920892694,3.89790662546597
108.174387213913,3.9100521750093
108.23029938277,3.92210058335835
108.284406435571,3.93438533511698
108.337975801224,3.94576517188832
108.391438439793,3.9580279857127
108.443510081525,3.97022123600127
108.495704336381,3.98175620020942
108.54887762415,3.99323148640869
108.602132924884,4.00481619553052
108.655158716312,4.01602207631215
108.707024243411,4.0292383750563
108.758899249591,4.04172941664992
108.810656510545,4.05430119532404
108.862764467645,4.06743669171427
108.914906218713,4.08001364786195
108.96825482045,4.09281705388165
109.021317388309,4.10522587044115
109.075756554462,4.11721523217017
109.130724142694,4.13100560837505
109.185907555985,4.14402995388419
109.239816159607,4.15759995197981
109.293355856228,4.17115388505561
109.346461230534,4.18469230700074
109.400435022242,4.19750034301165
109.454456789925,4.21058370551704
109.507615085909,4.22371620022908
109.560643673682,4.23755684559809
109.613692449306,4.25115375815793
109.666563029169,4.26450637960977
109.719591954863,4.27870220610435
109.773054523089,4.29330622339443
109.825815904928,4.30661629618312
109.878492005561,4.32107584349452
109.931066221208,4.33527482932152
109.982495162088,4.34955847700446
110.034095321708,4.36375039569042
110.085636884049,4.37804168299258
110.136593380983,4.3924146439219
110.187564174253,4.40656319398154
110.238710890175,4.41954363773405
110.290869103392,4.43359999500665
110.342991835278,4.4468841359927
110.394825502063,4.45745467554666
110.446880473017,4.46899289810159
110.499197649434,4.4804812974562
110.551334680652,4.49185113415118
110.603205521183,4.50330107159125
110.655040266301,4.51464698696519
110.706796217627,4.52611624868654
110.757255504861,4.53843321944524
110.807669720303,4.55148532084817
110.858029544097,4.56297423912193
110.908408349521,4.57559402948242
110.958690876553,4.58709333240721
111.008788840349,4.59982027377213
111.058825662321,4.61171134721673
111.108976861044,4.62471853044298
111.159050750103,4.63651516824373
111.210429773939,4.64791001664574
111.261653474807,4.66096231930411
111.312748694896,4.67234089810845
111.363868858305,4.68471333254888
111.415093846316,4.69557176753762
111.466287210448,4.70789036308991
111.517530700564,4.71983698593531
111.568737616107,4.73216058115871
111.618623583799,4.74461799390559
111.668343635719,4.75719938163721
111.717909378809,4.77027299245991
111.767230331254,4.78303104932958
111.81636502948,4.79534475028403
111.865668880489,4.80801979229391
111.914848607262,4.82081318945989
111.964045678635,4.8336673968931
112.012768834903,4.84629827646987
112.061495012887,4.85905870564112
112.111572966766,4.87217888618293
112.161335024576,4.88549648095982
112.211116761903,4.89885709403956
112.260787905247,4.9124286034299
112.310752463208,4.93306084629198
112.360337168197,4.95405721836992
112.408988382039,4.975267290557
112.45771215629,4.99670364677449
112.50631345685,5.01898747903803
112.554764832644,5.042123827617
112.603261096062,5.06839365322909
112.651617373971,5.09259794999158
112.700021732197,5.11680848070008
112.748154578061,5.14025172482859
112.795975568896,5.16582981459983
112.843974445749,5.19008783920229
112.891882739493,5.21623344217521
112.939661832487,5.24358943091533
112.987678854024,5.27107261771958
113.036807776498,5.29840534269102
113.084046344235,5.32588921615422
113.129893008007,5.35250204814673
113.177842775164,5.37984839499121
113.225780012231,5.40762504965432
113.271878441501,5.43520088605654
113.317638769025,5.45942316073796
113.363121971818,5.48625551832202
113.40863558924,5.51341117721201
113.454017858911,5.54058625307354
113.49918567515,5.56823928208149
113.544242598141,5.59220312575211
113.589165877997,5.61971022720788
113.633859858876,5.6435775174473
113.678746549089,5.67075388713476
113.723371732488,5.69768922748282
113.768191648609,5.72456785478367
113.812968816357,5.74811587654548
113.857683098536,5.77488237664946
113.902276964497,5.79839200488374
113.94687797662,5.82186046268771
113.991591668477,5.84545149214311
114.036089699645,5.86844029769135
114.080488007131,5.89146091229355
114.124641839981,5.91427164656891
114.168704949905,5.93685864290399
114.212513567397,5.95945781087991
114.256307215364,5.98198378297604
114.299239143475,6.00451032670606
114.342719689218,6.02715728700351
114.385664893657,6.05046087299779
114.428399302383,6.07364857507372
114.471698737375,6.09699585229583
114.514577095042,6.12020258760677
114.557186324034,6.14312132829654
114.599945832639,6.16634482133557
114.642789374081,6.18937604363098
114.685680678051,6.21259521938804
114.728085667438,6.23562062875663
114.770434546673,6.25866066367648
114.812239106348,6.28135513985645
114.853930466871,6.304325722641
114.895835995253,6.32704554351373
114.937779387038,6.34946809622175
114.979512656016,6.37184537426976
115.021533036822,6.39429086020525
115.063533046715,6.41643903621227
115.105633961894,6.43861301081142
115.147622405279,6.46072564864448
115.189706436566,6.48292126079836
115.232057688661,6.50468145071503
115.274479880418,6.52701954167063
115.316888635099,6.5483503617955
115.358757640296,6.57231770739533
115.400682544442,6.59670124067697
115.443172037305,6.6208579189009
115.485321534572,6.64473590885038
115.527931666758,6.66906860058925
115.570218404792,6.69359343354908
115.612044383785,6.71785206131662
115.65363754353,6.7419118355829
115.695028006832,6.76601858279746
115.736085600709,6.79018201963892
115.777345617786,6.81425046907144
115.818345451502,6.83815127565173
115.85924921204,6.86181140453729
115.900532114214,6.88563073817401
115.941608877259,6.90957224092216
115.982682649131,6.93326535836142
116.023778926129,6.9572802393705
116.06444998272,6.98158127991568
116.105477686957,7.00559903214729
116.146716249233,7.02849555280594
116.187997703768,7.05113122090652
116.229040583001,7.07338021166662
116.270169727947,7.09585876085353
116.31138538148,7.11865679107025
116.352642924202,7.141418731519
116.393760251989,7.16349593870468
116.43453254455,7.18580885528108
116.475758659763,7.20849726761518
116.516283035653,7.23031160134373
116.557133330865,7.25230232475919
116.597957981458,7.27429670981124
116.63865865309,7.29673182917288
116.679497510525,7.31930748796007
116.720533208319,7.34147932053359
116.76178299542,7.3634123323961
116.802954977406,7.3851740860794
116.84429869239,7.40742103089873
116.885367651608,7.42931210494317
116.926627246233,7.45140252407585
116.970087447863,7.47247356735647
117.012448316782,7.49383196973803
117.054623525582,7.51463565485521
117.098065749905,7.53537174487335
117.141375958689,7.55732315703702
117.184618798503,7.57910359940121
117.225596454212,7.6009616384686
117.266692418078,7.62279568085691
117.308992475035,7.64287142545965
117.348999487372,7.66266939246251
117.390114593533,7.68239972943527
117.432663681386,7.7019216010975
117.475273685173,7.7213114442804
117.517588798934,7.74029304298679
117.558239738367,7.75906556388939
117.600085067104,7.77748069618579
117.642109371039,7.79573078368264
117.683965854958,7.81412612028648
117.725635067121,7.8322311067322
117.767152673623,7.85043978256767
117.808642632671,7.868699601745
117.849840646477,7.88613007371046
117.891053697043,7.90383383526338
117.932176848002,7.92025708700495
117.973145293639,7.9372920564931
118.013991088404,7.95408325588213
118.05445769732,7.97040222201571
118.094571456543,7.98711602552576
118.134607657074,8.00378955222184
118.174740844565,8.0203022640521
118.213332207017,8.03607894638741
118.251851031904,8.05186846046524
118.290381647176,8.0680330958478
118.328959279442,8.0833583216133
118.36755340521,8.09900210281259
118.4063149284,8.11446020852166
118.445184754593,8.13023316944283
118.484033954303,8.14568341812408
118.522712898853,8.16120926424272
118.561444343188,8.1764152676195
118.60007750835,8.19173176848658
118.638873640833,8.20747094068903
118.677480594928,8.22262113767591
118.715883821974,8.23772815973484
118.754273736449,8.25348629336223
118.792686299258,8.26862012631379
118.830853517258,8.28413790463993
118.868976938865,8.29922320219105
118.907189852004,8.31455191920841
118.945738536897,8.32973482328749
118.984153529678,8.34503703853409
119.02222624024,8.36043280562402
119.060216433723,8.37571078041068
119.098159791542,8.39114096780885
119.136017796454,8.40667253645079
119.173642678958,8.42303992927292
119.21121281058,8.43834098687026
119.248571116,8.45385135029018
119.285832549783,8.46898808191888
119.32312554134,8.48428140225041
119.360281607824,8.50063307769005
119.397353381711,8.51711250184577
119.434398013555,8.53202046904174
119.471219902814,8.54663747810638
119.508098341025,8.56230376635952
119.544870690546,8.57686946401918
119.58151582991,8.592392679998
119.618101087008,8.60649250202401
119.654543890917,8.62209929377221
119.691067281763,8.63578567237705
119.727441729103,8.65150153848147
119.763703643193,8.6667671125
119.799938203473,8.68100913221043
119.835961154459,8.69691240702988
119.871928770408,8.71120809772651
119.907673204691,8.7264429055606
119.943276116552,8.74090745490268
119.978787669519,8.7556099353453
120.014279293542,8.7701187412008
120.049783853742,8.7848222254504
120.085776915154,8.79917278966255
120.121742901492,8.81325403955769
120.15745953584,8.82709106909317
120.19303221989,8.84105231603878
120.228822239788,8.85476110101342
120.264529958453,8.86853948341453
120.300013268159,8.88230139366778
120.336282327321,8.89659612225881
120.371690120144,8.91022732716185
120.407246515353,8.92416042805836
120.442629003077,8.93785269964493
120.477873862051,8.9518117094125
120.512308805955,8.96493881656206
120.547146119137,8.97184670809244
120.581370989506,8.97796783738611
120.615754104064,8.98411567948718
120.649692648844,8.99007352582593
120.68362286581,8.99575391276057
120.717535528068,9.00152547533494
120.75196404465,9.00533938493561
120.785853261887,9.01112300389108
120.819718601187,9.01661712452135
120.853693905893,9.0222651926719
120.888309421686,9.0263659401295
120.922162720763,9.03162004368497
120.956261821394,9.03546446461026
120.990324054242,9.03781238164391
121.024107834717,9.04024164082279
121.0579906884,9.0424138056527
121.093531577989,9.04465351717262
121.129194540179,9.04716525320714
121.162556370921,9.04980079636525
121.19584546311,9.05199314263306
121.230940889872,9.05405680139775
121.266069745454,9.05904084254286
121.301114794993,9.06129327410424
121.33608136292,9.06308186704794
121.371017629348,9.06497201177869
121.406026213719,9.06666579099908
121.441047165199,9.07177546021212
121.47622877105,9.07323255533404
121.511467517762,9.07829547033838
121.546429276868,9.08015864889658
121.581331281051,9.08213378966486
121.616164184409,9.08404410636449
121.650815820638,9.08893044848298
121.685506853396,9.09096501558145
121.720179377002,9.09606960739985
121.754693679146,9.1011537690891
121.788987791428,9.10616996535988
121.82342741158,9.11147280460527
121.857870095749,9.11648299006614
121.892411140994,9.12194420020323
121.926989691006,9.1275631618327
121.961674647713,9.13312029327241
121.996267480811,9.13882577783357
122.03101897504,9.14347888613147
122.065702869799,9.14811980359462
122.10034233613,9.15308945845056
122.135038163001,9.15805191672698
122.16978945873,9.16294832772636
122.204488063029,9.16773116072616
122.239241958973,9.17300510984508
122.273969906197,9.17813847910289
122.308359448605,9.18338323948753
122.342662517511,9.18875395403488
122.376822770892,9.19415736686273
122.410925696479,9.1993960006061
122.444965189143,9.20480882747136
122.478939975707,9.2098131206359
122.512914679401,9.21469220709278
122.546760257557,9.21983920396356
122.580730246347,9.22467870130427
122.614370047563,9.22990478833965
122.647855403824,9.23516520081429
122.681506029019,9.24068797277299
122.71511666361,9.24588638348634
122.748750337046,9.25134034949417
122.782162256138,9.25706467098188
122.815654717538,9.26267255146132
122.849056381012,9.26912272376068
122.882683944824,9.27302008270394
122.916400564695,9.27670231742847
122.949936322479,9.28061575995098
122.983621694988,9.28459548717643
123.016927053339,9.28796344319694
123.050445722355,9.29180277386457
123.08445428872,9.29586816317981
123.117735481554,9.29982449904518
123.15143250465,9.30382466333513
123.18529814368,9.30780702512567
123.21906343643,9.31182112524345
123.25300551482,9.31591773560391
123.287112973203,9.32043485914121
123.321143670483,9.32475926667919
123.355206866621,9.32899036111963
123.389093504457,9.3333909304425
123.422926092957,9.33782512611501
123.456610065917,9.3424870479488
123.48993237802,9.34730378620244
123.522765293808,9.3522251391804
123.555068286431,9.35685814588914
123.588309477701,9.36177162321667
123.621235962393,9.36658322532379
123.654078700145,9.37124717162924
123.686704457485,9.37552166590109
123.719311838022,9.38024808431943
123.752602925742,9.3849212231362
123.785566007114,9.38963817230489
123.819507226831,9.3947692573288
123.852459715679,9.39971784559453
123.885417828225,9.4048619089982
123.918368333344,9.40933836275889
123.95135293744,9.41402967106042
123.983969609463,9.41883561642196
124.016417843016,9.42362440520598
124.048978258463,9.42862692244774
124.081578179983,9.43320263508378
124.114356118913,9.43780868844835
124.146983662831,9.44205854723902
124.178905158628,9.4473365838234
124.210368761828,9.45249529831937
124.242256648004,9.45813562969749
124.273804950966,9.46361252024508
124.305357690937,9.46885644777721
124.336133638781,9.47426536521531
124.367339753669,9.47966266420416
124.398262384666,9.485040515681
124.429378579923,9.49268242643778
124.46100509804,9.500066858091
124.491314887483,9.50747715840763
124.52156093123,9.51541649980966
124.551509132291,9.52335331204307
124.581603051028,9.53116799631386
124.611559246574,9.53967500418602
124.641446105242,9.54815101835179
124.672540618404,9.5568285725336
124.703176535531,9.56572838243236
124.734013699171,9.57493877710257
124.764785000911,9.58346130282928
124.79565054085,9.59208951948202
124.827355142214,9.60155205658375
124.859171238454,9.61116449529364
124.890804066386,9.62106331400322
124.922484920093,9.63083868910483
124.953985934755,9.64072420833099
124.98575211925,9.65079534426365
125.017430353259,9.66091517212392
125.048860330947,9.67085452954647
125.080150560875,9.68116866295187
125.111666259635,9.69157406048898
125.142932012439,9.70156442375349
125.173956021273,9.71188232735797
125.205402228702,9.72239861237112
125.236768853922,9.73236518499093
125.267867455238,9.74254690790598
125.29849870806,9.7529772451944
125.328993603844,9.76329413848869
125.35960901591,9.77351740569923
125.390175162647,9.78373806220447
125.420830966877,9.79378310026956
125.451001654947,9.80359716068161
125.481045828735,9.81336814422663
125.511283330152,9.8230327971653
125.541261727911,9.83285052409985
125.571115027922,9.8425348366426
125.600390781708,9.85263485968193
125.629603500659,9.86256217803954
125.658539070322,9.87234136918667
125.687038714692,9.88200415014796
125.715585850785,9.89159831084041
125.744024957668,9.90101810215978
125.772744626292,9.91073800436772
125.800748762423,9.92012504219788
125.8285598375,9.92939735643431
125.856618248212,9.93854346680703
125.884907991938,9.94764261672005
125.912942318918,9.95650506309973
125.940309596145,9.96577273439938
125.967966288238,9.97478713681284
125.995443814731,9.9828253089821
126.022513318612,9.99084182672786
126.049462116806,9.999296140823
126.076366064729,10.0072023610472
126.103036199981,10.0158009741087
126.129470049365,10.0241573971915
126.156157117556,10.0324964777304
126.182726993436,10.0410787791984
126.208749917069,10.0488401440359
126.234586469759,10.0575957296611
126.260333342441,10.0652474840216
126.285904827693,10.0734878222535
126.311469085598,10.0812422405608
126.337248462184,10.0887552240015
126.362471151178,10.0968809997403
126.387590407778,10.1051862571754
126.412923368121,10.1125894156077
126.437623199481,10.1198447840128
126.462143469442,10.1270703561326
126.486457387485,10.1338409588399
126.510222596015,10.1408556066533
126.53385602576,10.1475640349516
126.557649448609,10.1544172051311
126.581226456418,10.1613797597333
126.604311784966,10.1680863261983
126.627407078282,10.174739761445
126.650848842011,10.1813520927536
126.673395135733,10.1873861532596
126.696176019046,10.1938456804786
126.718457813038,10.2001162702572
126.74052180147,10.2063270817709
126.762643210721,10.2122204734015
126.785212590731,10.2187558664925
126.80710554818,10.2245224888689
126.829454001581,10.2308124641905
126.851232197734,10.2367668277354
126.873646136728,10.2431191785899
126.895389252642,10.2493636165166
126.917276576986,10.2556331089059
126.938015885642,10.2616339297504
126.959170533144,10.2680282789265
126.980052496363,10.2743893230114
127.000664496762,10.280630329752
127.020392132694,10.286290474844
127.040740431851,10.2922723214098
127.060627765014,10.2978263076658
127.080820056843,10.3039238501889
127.100810263785,10.3095242285155
127.120341305937,10.3153954221974
127.139796075333,10.3211683239561
127.158988340187,10.3266348839191
127.178025599801,10.3316226718918
127.196998249997,10.3367219609323
127.215694114081,10.3418775121206
127.234259568409,10.3470489997639
127.252759358143,10.352159304157
127.271170837005,10.3574235434117
127.289867160257,10.3624333556704
127.307714797085,10.3668905568987
127.325593007543,10.3714259116166
127.343284386352,10.3762343373431
127.360581618659,10.3807694457126
127.377811444517,10.3851998151161
127.395035060567,10.3896850968223
127.412313438038,10.394052402936
127.429682057566,10.3984842769414
127.446284818557,10.4025304932445
127.46266548612,10.4066989845628
127.479201118275,10.4108934264227
127.495774654282,10.4148716379497
127.512017175192,10.4189508955156
127.52795244431,10.4231566222755
127.543538042566,10.4271016676073
127.55908707246,10.4309459740458
127.574648945278,10.4348186522275
127.589637631818,10.4387176637196
127.604541376797,10.4435202797777
127.619162153121,10.4482251632277
127.633934030251,10.4527779632311
127.648165748005,10.4572830564298
127.662609148254,10.4617790413214
127.67692194712,10.4666597316939
127.691175443221,10.4710734503495
127.704633906222,10.4755436173141
127.718116268107,10.4801778437721
127.731364257453,10.4843125476105
127.744543038482,10.4885816270371
127.757638965258,10.4928139189679
127.770601493441,10.496782041426
127.783716029898,10.5010199448924
127.796291771591,10.505313770698
127.808845520392,10.5096049101668
127.821586654663,10.5139810559315
127.833996217064,10.5181834707628
127.846192198789,10.5223376565689
127.858098897011,10.5263082416437
127.869905003623,10.530461450241
127.881938363577,10.5343670605185
127.893343851565,10.5380673061969
127.904777446655,10.5415451132935
127.91567889085,10.5450063665017
127.926747559366,10.5484209533983
127.937683828489,10.5519042108528
127.948027223709,10.5553356491728
127.95825816306,10.5588025019046
127.968404302135,10.5621813456563
127.978166414444,10.5650282425004
127.987528285321,10.567880223211
127.997520429951,10.5705595019598
128.006919905544,10.5733129863605
128.015918627804,10.5761624207913
128.024391924329,10.578698156702
128.032704312692,10.5814093655411
128.040865682892,10.5839467096216
128.048879512025,10.5865674174233
128.056848061646,10.5891672836945
128.06487925341,10.5916438680318
128.07229427226,10.5940283348449
128.079467939781,10.5962492658417
128.086474776157,10.5983702526524
128.093841862218,10.6001594482235
128.101514798209,10.6024120394577
128.108268416617,10.6045259380974
128.115463249191,10.6066630460406
128.122013886692,10.6085511150002
128.128558417024,10.6105355468371
128.135051571876,10.6121351742746
128.141032638869,10.6139144071536
128.147085378063,10.6156049588061
128.152287028942,10.6170179721613
128.157810301882,10.6184774979339
128.163723144724,10.6197080987338
128.16922866927,10.6210927214131
128.174589270968,10.6223234692605
128.179557904699,10.623578299095
128.184805518321,10.6247368325954
128.18953585348,10.6259250249312
128.194354449326,10.6273038189453
128.198943943152,10.6285796674296
128.203025429139,10.6300434583171
128.207055911874,10.6315923248936
128.21075359996,10.6329857315559
128.213932992565,10.634152910954
128.2175598577,10.6353496092762
128.22142263739,10.6366075745616
128.226045678006,10.6380430524042
128.230158382147,10.6392929284197
128.234021589785,10.6403629621578
128.237952284444,10.6414050957481
128.241717679826,10.6424902838642
128.245589314454,10.6437388208109
128.249286398683,10.6444489300643
128.253500785964,10.6452799077044
128.257215666261,10.6464059454568
128.26078085424,10.6472533987078
128.264684113567,10.648184426884
128.267716231418,10.649241839465
128.27090720142,10.6495292717901
128.274082590351,10.6500751073596
128.276912474665,10.6508496449546
128.279465584056,10.6514595210741
128.281566735514,10.6518915796461
128.283099350627,10.6524554678393
128.28452754131,10.6527465154952
128.285848666328,10.6534364139016
128.287170001687,10.6538550030993
128.288031097266,10.6538008455482
128.289094076133,10.6539649599003
128.289920215691,10.6545062279092
128.290789524268,10.6549802454556
128.291662586361,10.655224714703
128.292366297349,10.655577158878
128.292812671892,10.6556441747878
128.293280976795,10.6559610392313
128.293154409248,10.6564799594599
128.293133686825,10.656885337922
128.293344030434,10.6573124905901
128.293483430908,10.6578324577611
128.293588952384,10.6582634186858
128.293570590916,10.6583791756834
128.293736405897,10.6587259365981
128.293913955864,10.6591539784625
128.293717815391,10.6593846159436
128.293571446414,10.6600336907158
128.29324773834,10.6603270657273
128.292873952893,10.660943157534
128.29305506937,10.6611177076617
128.293578669457,10.6612278651012
128.294019947073,10.6614917773085
128.294454065405,10.6618269846731
128.294365210424,10.6620026720714
128.294327298199,10.6623653531781
128.293874886616,10.6622949539715
128.293939455312,10.6624125596465
128.293980262082,10.6627483708789
128.293902375347,10.6628475322898
128.293569055664,10.6629924416392
128.293192950466,10.6634518809908
128.293491911469,10.6637863259049
128.293236300012,10.6640403389842
128.293330467053,10.6645111999725
128.293835117224,10.664604814744
128.293823340202,10.6648081960036
128.293747539484,10.6647223375756
128.294304090392,10.664667119088
128.294487867014,10.6650635854563
128.29412421694,10.6651439879557
128.294115662757,10.6653196723131
128.294594980546,10.6656064291388
128.294993694251,10.6656991192317
128.295035743276,10.6658945937775
128.295079745359,10.6661123357516
128.295120973375,10.6662780479346
128.294864097315,10.6665254921332
128.295196867386,10.6668345170141
128.295184256177,10.6668794381038
128.294791090308,10.667065732081
128.294884295677,10.6673013161152
128.295028955331,10.6673987124655
128.295259055248,10.6676363750973
128.295275823689,10.6679511998011
128.295381396969,10.6681297454105
128.295317634269,10.6683226268715
128.295299871773,10.6684536129487
128.295407131053,10.6688164341944
128.295437442541,10.6690838552249
128.294994358589,10.6691436686304
128.294628142323,10.6694407664743
128.294960053816,10.6695369809301
128.294970748974,10.6699209129644
128.295553056947,10.6701152605521
128.295461616031,10.6703166128855
128.295586414594,10.6705296409824
128.29557631895,10.6709676214184
128.295565259721,10.6711717553546
128.295669297561,10.6715159827513
128.295213158139,10.6715585938385
128.295376421946,10.6720601710216
128.295049776569,10.6722136835228
128.29499809793,10.6723218667007
128.295334841643,10.6725097208577
128.295410777948,10.6727995069518
128.295435762461,10.6731435662415
128.29551306078,10.6733402827343
128.295836020002,10.6735704142606
128.29578097333,10.6737966227637
128.295734542321,10.6737032489183
128.295858617875,10.6739802738183
128.296359723917,10.6742609314869
128.296249582744,10.6741292927651
128.296178949469,10.6739901498463
128.296246022407,10.6738458004838
